% -------------------------------------------------------------------
%  Generated by MATLAB on 6-Apr-2024 17:03:31
%  MATLAB version: 9.13.0.2166757 (R2022b) Update 4
% -------------------------------------------------------------------
                                             

c = 1;

k = 20;

m = 1;

model = 'spring_mass_damper';

